1000
10000
10001
10005
1001
10021
10030
10035
101
1022
10239
1024
10243
1025
10250
10255
1026
10332
1034
10443
10600
1080
110
11000
1109
11092
11110
11211
11371
11657
11794
1200
12000
12054
121
12105
12345
1244
12602
12648
129
12900
12999
13013
1311
1337
13377
13465
13666
13722
1386
14000
1405
1413
1425
1433
1434
1443
1444
14443
14534
1456
146
1468
14734
1481
14813
1491
1499
15
15000
1507
1513
1518
15209
15258
1532
1533
1541
1553
1569
15705
15860
15896
1597
16
16000
16010
16355
16397
16477
1668
16795
16922
1696
1733
1784
1792
18080
1843
18458
1851
18604
1877
18805
1896
19
1911
1932
1933
194
1945
19811
19835
1988
19973
19999
2
20
2000
20000
2001
2002
2005
20384
2051
20712
2082
2083
2087
20919
2096
21
21087
2121
2133
21406
21424
2160
2164
2181
21834
21905
2198
22
22064
2216
2219
222
2222
2223
22433
2248
2252
2254
2258
2259
22804
23
23203
2323
2325
23258
2341
2342
23443
23456
23729
2375
2376
23869
2390
2393
24
24038
24048
24165
24511
24571
25
2506
2525
2532
25778
25905
26
26167
26631
267
2694
27015
27016
27017
27018
271
2730
2748
2772
278
28
28017
2808
2839
284
2845
286
2874
2881
289
28948
2895
290
293
29551
2956
296
3000
30001
3001
3002
30080
3036
3039
30612
30715
30716
30850
30933
3094
31
3128
313
3141
315
317
31848
319
32
320
3218
32296
32351
32400
32459
32768
32770
32771
32874
32940
33058
3306
3310
3333
3341
33476
33516
33649
33736
33771
3389
33890
34026
34240
34366
34581
34583
3459
3474
34881
34973
35
3529
354
359
36
361
3619
36224
3661
36694
367
37005
3704
37215
373
37510
37871
379
38041
383
38832
39231
397
3982
4000
40000
40001
4022
40258
404
4040
4065
407
41356
416
41681
41759
4189
4200
42540
427
429
43012
43166
437
43760
443
4430
44343
444
4443
4444
4449
44572
44996
45274
45328
4538
45856
45857
4595
4631
46322
46397
464
46464
465
48208
4848
4890
4911
49152
49153
49815
4998
5000
50000
5001
50050
5034
50443
5061
50715
513
5188
5199
5223
5252
5274
52965
53308
5353
53996
5421
5429
5443
5469
5477
555
5550
5552
5555
55555
5560
5624
56325
5656
5658
566
57365
5760
578
57941
58106
58141
587
59
5900
59275
5938
59437
5944
5984
59841
5999
60
600
6000
60000
60001
6001
6002
60022
6025
6047
605
6056
6065
6080
6183
619
629
6363
63865
6408
6443
6527
6573
66
6600
6606
6607
666
6666
6667
669
6751
6754
6779
684
6852
688
689
690
6968
6969
700
7000
7001
7002
7007
7011
7030
7101
7171
7178
7199
72
7264
7267
735
7413
7430
7443
7479
7491
7648
769
7707
7732
7777
7788
7894
7912
80
800
8000
8001
8002
8003
8004
8005
8006
8008
8010
8020
8025
8032
8042
8069
8072
808
8080
8081
8082
8083
8084
8085
8086
8088
8089
8090
8091
8096
8098
8099
81
8123
8129
8159
8181
8182
819
82
8295
8332
838
8443
8478
8499
85
8529
8585
86
8632
8643
87
8765
88
880
8800
8808
8822
8835
888
8880
8888
8889
8899
8983
8989
9000
9001
9080
9089
9090
9091
9101
9180
9191
9200
930
9355
9380
9400
9443
9527
9595
965
974
98
9810
9864
990
993
995
997
999
9999
